Reaction Rate Coefficients:
===========================
k1 = 4.8119237212201773e+13
k2 = 9.2679184964279414e+12
k3 = 1.0254252994933232e+13
k4 = 2.6412802780754146e+12
k5 = 1.5539879509860539e+13
k6 = 6.9135121237004836e+13
k7 = 3.2500000000000000e+13
k8 = 3.0074993713107988e+13
k9 = 1.7529291734608955e+13
k10 = 2.5479649376868793e+13
k11 = 1.5629072869187133e+13



Reaction Rates:
===============
H = -3.3721131314719525e+14
O = 3.6200202780713062e+13
OH = 4.5035247140938612e+14
H2 = 6.7644012779564102e+13
H2O = 5.2581926545163109e+13
O2 = -1.7621218548128477e+13
HO2 = -1.5029912672736003e+14
H2O2 = -1.0164695509214262e+14



